
[32m┌──────────────────────────────────────────────────────────┐
│ Advent-02-2                                              │
└──────────────────────────────────────────────────────────┘[0m[49m

[31 34 36 38 40 43 46 44] - safe
[67 68 70 72 74 77 79 79] - safe
[32 35 36 38 42] - safe
[18 21 22 24 27 30 35] - safe
[63 66 67 66 69 72] - safe
[63 64 67 64 65 67 64] - unsafe
[35 36 38 41 38 40 42 42] - unsafe
[59 62 63 64 66 64 67 71] - unsafe
[55 57 55 56 61] - unsafe
[58 60 62 62 65 67 68] - safe
[84 86 89 91 93 94 94 91] - unsafe
[32 34 36 36 37 39 41 41] - unsafe
[13 15 18 19 19 21 22 26] - unsafe
[61 64 64 67 68 74] - unsafe
[56 57 58 61 65 66 68] - unsafe
[53 56 57 61 62 64 62] - unsafe
[78 80 84 85 85] - unsafe
[38 39 41 45 47 51] - unsafe
[2 5 8 9 12 16 18 24] - unsafe
[50 51 53 55 60 61] - unsafe
[31 32 37 39 40 42 40] - unsafe
[46 48 53 54 54] - unsafe
[40 43 45 51 55] - unsafe
[31 32 35 37 44 45 51] - unsafe
[15 12 15 18 20 23 25 27] - unsafe
[78 76 79 80 78] - unsafe
[46 45 48 49 52 54 54] - unsafe
[17 16 17 20 24] - unsafe
[80 78 80 82 83 90] - unsafe
[48 47 44 46 48] - unsafe
[62 60 59 62 61] - unsafe
[26 23 24 26 24 26 28 28] - unsafe
[4 3 1 4 5 7 9 13] - unsafe
[48 45 43 45 47 52] - unsafe
[93 90 92 95 95 98] - unsafe
[80 79 81 81 83 84 83] - unsafe
[6 4 4 6 8 8] - unsafe
[8 5 6 9 12 12 16] - unsafe
[42 41 41 44 45 47 54] - unsafe
[66 63 64 68 70 73] - unsafe
[45 43 44 46 50 49] - unsafe
[5 4 7 11 12 14 14] - unsafe
[72 71 75 78 80 84] - unsafe
[79 77 79 82 83 87 88 93] - unsafe
[75 74 76 77 84 85] - unsafe
[26 25 28 30 36 39 38] - unsafe
[26 25 26 32 32] - unsafe
[49 47 50 53 60 61 65] - unsafe
[18 16 17 18 23 29] - unsafe
[73 73 74 75 78] - safe
[43 43 46 47 49 50 51 50] - unsafe
[87 87 89 90 93 93] - unsafe
[52 52 55 58 62] - unsafe
[78 78 81 82 83 85 91] - unsafe
[48 48 46 49 51] - unsafe
[89 89 92 93 91 92 95 94] - unsafe
[13 13 15 14 16 19 19] - unsafe
[68 68 65 66 68 72] - unsafe
[39 39 37 38 39 46] - unsafe
[23 23 25 25 26 29] - unsafe
[90 90 93 94 94 95 98 96] - unsafe
[26 26 27 30 30 31 32 32] - unsafe
[61 61 64 66 66 70] - unsafe
[34 34 34 36 41] - unsafe
[35 35 37 39 40 44 45] - unsafe
[70 70 74 77 79 82 84 82] - unsafe
[16 16 19 23 26 28 29 29] - unsafe
[41 41 42 46 50] - unsafe
[33 33 34 38 40 46] - unsafe
[28 28 29 36 39] - unsafe
[79 79 85 87 88 90 89] - unsafe
[66 66 69 72 77 77] - unsafe
[49 49 51 52 59 63] - unsafe
[38 38 40 42 49 56] - unsafe
[78 82 84 86 88 90 91] - safe
[41 45 48 50 52 49] - unsafe
[60 64 67 68 69 72 75 75] - unsafe
[78 82 83 85 89] - unsafe
[33 37 40 42 48] - unsafe
[78 82 85 87 89 87 88 89] - unsafe
[2 6 5 6 7 9 7] - unsafe
[1 5 3 5 6 8 8] - unsafe
[81 85 83 84 86 90] - unsafe
[65 69 67 68 69 72 74 81] - unsafe
[15 19 21 24 26 26 28] - unsafe
[4 8 11 14 14 16 15] - unsafe
[9 13 14 14 17 17] - unsafe
[15 19 20 20 22 26] - unsafe
[9 13 15 16 16 22] - unsafe
[16 20 23 27 30] - unsafe
[18 22 25 29 31 29] - unsafe
[1 5 6 8 10 13 17 17] - unsafe
[9 13 17 20 22 26] - unsafe
[28 32 33 37 40 46] - unsafe
[30 34 36 38 40 47 50] - unsafe
[44 48 54 57 59 60 61 58] - unsafe
[9 13 16 22 22] - unsafe
[62 66 68 71 77 81] - unsafe
[36 40 42 49 54] - unsafe
[43 50 53 55 56 58 60 63] - safe
[5 10 11 13 10] - unsafe
[5 11 12 15 17 19 19] - unsafe
[34 39 40 43 47] - unsafe
[50 57 59 60 61 63 70] - unsafe
[38 43 44 43 46 48 51] - unsafe
[79 85 88 85 87 86] - unsafe
[72 78 79 76 78 80 81 81] - unsafe
[42 48 47 48 52] - unsafe
[55 62 63 66 68 65 70] - unsafe
[47 54 55 55 58 59 60] - unsafe
[79 85 87 87 89 88] - unsafe
[7 14 17 20 23 24 24 24] - unsafe
[68 73 75 75 76 77 79 83] - unsafe
[9 16 19 19 24] - unsafe
[66 72 73 77 79] - unsafe
[12 18 22 23 24 23] - unsafe
[26 32 33 36 38 42 44 44] - unsafe
[30 37 39 43 46 50] - unsafe
[66 73 74 75 79 86] - unsafe
[47 53 58 60 62] - unsafe
[46 53 59 62 59] - unsafe
[56 61 63 66 68 75 76 76] - unsafe
[23 29 32 34 39 40 44] - unsafe
[33 40 41 43 48 49 56] - unsafe
[13 12 11 9 11] - safe
[41 38 35 33 33] - safe
[99 96 94 93 90 88 84] - safe
[20 19 17 16 13 7] - safe
[80 79 78 75 72 70 71 70] - safe
[88 87 88 86 85 83 84] - unsafe
[44 42 41 44 43 43] - unsafe
[23 20 17 18 15 14 10] - unsafe
[22 19 18 19 12] - unsafe
[17 16 16 13 12 9] - safe
[38 36 36 35 32 31 34] - unsafe
[41 40 40 39 38 37 35 35] - unsafe
[63 61 59 58 56 56 53 49] - unsafe
[30 27 26 26 21] - unsafe
[47 45 41 38 37] - unsafe
[48 46 45 41 43] - safe
[27 26 24 20 19 19] - unsafe
[17 14 10 7 3] - unsafe
[66 64 60 57 52] - unsafe
[82 81 78 73 70 68 65] - unsafe
[93 90 87 84 82 75 77] - unsafe
[83 81 80 73 73] - unsafe
[41 38 32 29 25] - unsafe
[50 49 48 41 36] - unsafe
[83 86 83 81 78 75] - unsafe
[39 41 39 37 36 37] - unsafe
[39 41 39 37 37] - unsafe
[61 62 59 58 57 54 50] - unsafe
[61 62 59 57 51] - unsafe
[72 73 72 71 74 73] - unsafe
[90 92 93 91 88 87 88] - unsafe
[31 33 30 31 28 25 25] - unsafe
[74 75 73 72 71 70 73 69] - unsafe
[78 81 78 79 78 71] - unsafe
[66 69 69 66 63 61 60 57] - unsafe
[7 9 6 5 5 7] - unsafe
[51 53 52 52 51 51] - unsafe
[90 92 89 86 86 84 80] - unsafe
[88 91 91 90 89 83] - unsafe
[52 55 54 50 48 46 45 44] - unsafe
[87 90 88 86 82 81 78 81] - unsafe
[46 49 48 45 41 38 38] - unsafe
[41 42 38 37 33] - unsafe
[90 93 91 90 88 84 81 76] - unsafe
[52 54 52 46 43 42] - unsafe
[43 46 43 36 38] - unsafe
[12 14 11 10 8 7 2 2] - unsafe
[29 30 23 22 21 17] - unsafe
[68 71 65 64 61 59 56 51] - unsafe
[99 99 97 94 93 90] - safe
[46 46 45 44 47] - unsafe
[65 65 62 60 59 57 54 54] - unsafe
[90 90 87 86 84 81 80 76] - unsafe
[22 22 20 19 18 17 10] - unsafe
[56 56 55 53 55 54 51 49] - unsafe
[46 46 47 44 45] - unsafe
[94 94 95 92 90 90] - unsafe
[51 51 54 51 47] - unsafe
[64 64 62 64 62 60 55] - unsafe
[99 99 97 96 96 93 90 89] - unsafe
[70 70 70 68 66 64 66] - unsafe
[91 91 89 87 84 84 83 83] - unsafe
[92 92 92 91 89 85] - unsafe
[11 11 8 8 6 1] - unsafe
[81 81 80 76 73 70] - unsafe
[56 56 54 50 48 45 43 45] - unsafe
[72 72 69 68 64 61 59 59] - unsafe
[80 80 77 73 69] - unsafe
[61 61 59 55 49] - unsafe
[24 24 21 20 15 14 12 9] - unsafe
[38 38 35 32 26 28] - unsafe
[53 53 52 51 49 42 42] - unsafe
[60 60 54 52 51 50 46] - unsafe
[42 42 39 36 34 27 20] - unsafe
[16 12 11 8 7 4] - safe
[34 30 28 27 25 22 25] - unsafe
[94 90 88 87 84 84] - unsafe
[84 80 77 76 75 74 70] - unsafe
[65 61 59 58 57 55 49] - unsafe
[72 68 71 68 65 64] - safe
[75 71 70 71 70 71] - unsafe
[97 93 91 88 85 87 86 86] - unsafe
[29 25 23 26 22] - unsafe
[92 88 86 89 86 83 80 75] - unsafe
[85 81 79 78 78 77 75 73] - unsafe
[80 76 75 75 72 69 72] - unsafe
[59 55 52 52 49 49] - unsafe
[60 56 56 54 50] - unsafe
[75 71 71 70 67 60] - unsafe
[81 77 76 72 70] - unsafe
[36 32 31 27 29] - unsafe
[86 82 79 77 73 71 71] - unsafe
[56 52 49 45 41] - unsafe
[94 90 86 85 80] - unsafe
[95 91 88 87 84 78 76] - unsafe
[63 59 56 55 54 47 49] - unsafe
[63 59 56 54 48 48] - unsafe
[70 66 59 57 55 53 49] - unsafe
[24 20 18 15 8 7 6 1] - unsafe
[61 54 51 50 47 46] - safe
[31 25 23 21 19 16 15 17] - unsafe
[89 82 80 77 77] - unsafe
[58 53 51 48 44] - unsafe
[63 56 55 52 50 47 45 38] - unsafe
[58 52 50 52 50 47 45] - unsafe
[86 79 80 79 82] - unsafe
[70 63 61 60 63 63] - unsafe
[54 48 47 45 46 42] - unsafe
[58 53 52 54 52 45] - unsafe
[54 47 44 41 39 39 36 33] - unsafe
[56 51 50 50 49 47 49] - unsafe
[79 73 73 70 69 69] - unsafe
[80 73 72 71 71 69 67 63] - unsafe
[70 63 62 60 59 58 58 52] - unsafe
[21 15 12 9 6 2 1] - unsafe
[42 35 33 29 31] - unsafe
[36 30 26 23 23] - unsafe
[30 23 22 21 18 16 12 8] - unsafe
[29 24 20 17 14 9] - unsafe
[47 42 36 34 33] - unsafe
[99 93 90 89 82 81 78 81] - unsafe
[29 22 17 16 16] - unsafe
[59 53 52 50 48 46 40 36] - unsafe
[97 92 85 82 81 79 78 71] - unsafe
[52 57 60 61 62 64 70 73] - unsafe
[14 13 11 10 9 7 5 1] - safe
[42 44 47 50 53 57 60 64] - unsafe
[34 27 27 25 25] - unsafe
[92 90 90 92 99] - unsafe
[73 75 76 78 82 85 87 85] - unsafe
[23 19 21 18 16 14 8] - unsafe
[21 26 27 28 30 27 33] - unsafe
[26 23 24 27 31 32 31] - unsafe
[30 31 33 32 29 28 26 26] - unsafe
[42 44 45 46 46 48 49 55] - unsafe
[45 49 52 53 55 60] - unsafe
[22 26 28 31 32 35 37] - safe
[47 47 46 42 42] - unsafe
[61 61 60 62 61 58 56 50] - unsafe
[15 15 15 18 21 19] - unsafe
[28 26 22 19 12] - unsafe
[23 29 30 33 30 32 35 39] - unsafe
[20 20 17 16 13 9 7 2] - unsafe
[76 72 71 70 67 65 59 55] - unsafe
[78 81 81 82 83] - safe
[35 40 42 44 47 49 49] - unsafe
[87 83 86 83 82 82] - unsafe
[37 32 30 27 24 20 20] - unsafe
[21 21 23 21 28] - unsafe
[41 39 40 42 45 48 51 51] - unsafe
[74 74 73 70 68 67 65] - safe
[84 85 84 82 80 76] - unsafe
[45 45 39 38 38] - unsafe
[47 43 43 41 38 31] - unsafe
[33 33 32 29 22 21 15] - unsafe
[31 37 40 40 47] - unsafe
[62 62 63 65 67 68 69] - safe
[70 67 64 63 61 62 57] - unsafe
[39 34 33 30 29 26 26 19] - unsafe
[63 63 64 66 66 68 69 71] - unsafe
[38 45 48 51 50] - unsafe
[53 59 63 66 65] - unsafe
[59 59 56 56 55 56] - unsafe
[71 67 66 64 60] - unsafe
[48 50 57 60 60] - unsafe
[73 73 75 76 76 77 77] - unsafe
[62 62 63 70 71] - unsafe
[45 41 38 34 33 31 29 26] - unsafe
[85 85 88 89 92 89 92 90] - unsafe
[64 61 60 59 56 53 48] - safe
[49 47 48 51 53 53 53] - unsafe
[17 16 13 15 16 18 18] - unsafe
[56 57 58 62 65 72] - unsafe
[13 13 18 20 20] - unsafe
[76 72 67 66 64 58] - unsafe
[4 11 12 13 15 19 19] - unsafe
[32 28 27 24 21 14 11 11] - unsafe
[11 11 10 10 6] - unsafe
[42 42 44 45 47 53 56 60] - unsafe
[96 95 94 93 91 91 89 87] - safe
[77 80 77 75 74 72] - unsafe
[41 45 49 52 55 56 59] - unsafe
[30 35 36 37 38 38 41] - unsafe
[69 72 73 76 78 80 80 84] - unsafe
[78 74 71 69 68 64 66] - unsafe
[21 16 12 10 6] - unsafe
[94 90 86 83 83] - unsafe
[81 85 88 89 90 88] - unsafe
[43 45 43 39 37 33] - unsafe
[99 95 94 91 94] - unsafe
[57 57 54 52 50 47 45 39] - unsafe
[24 25 23 22 15 14 14] - unsafe
[88 84 83 80 79 76 74 74] - unsafe
[98 94 92 90 89 85 80] - unsafe
[37 37 38 41 44 44] - unsafe
[95 96 96 93 92 85] - unsafe
[6 6 7 9 15 17 16] - unsafe
[68 71 78 80 81 85] - unsafe
[35 37 39 40 41 42 43 43] - safe
[30 34 37 40 41 45 45] - unsafe
[9 13 15 15 16 19 22 26] - unsafe
[55 49 46 45 42 40 41] - unsafe
[76 72 68 67 63] - unsafe
[26 33 36 37 34 35] - unsafe
[51 44 41 39 41 39 35] - unsafe
[12 9 11 14 15 16 18 15] - unsafe
[42 42 45 45 46 48 49 56] - unsafe
[4 8 9 10 8 8] - unsafe
[17 15 18 19 21 22] - safe
[53 53 50 49 44 42 44] - unsafe
[8 12 16 18 20 24] - unsafe
[67 68 70 69 69] - unsafe
[56 49 44 43 42 40 43] - unsafe
[39 41 42 43 49 50] - unsafe
[39 37 40 43 44 49 53] - unsafe
[59 63 66 72 72] - unsafe
[44 44 47 48 49 52 56 56] - unsafe
[62 59 57 57 58] - unsafe
[83 83 81 78 77 73] - unsafe
[54 58 60 62 69 74] - unsafe
[37 35 35 32 26] - unsafe
[39 43 46 52 55] - unsafe
[31 27 24 22 21 20 18] - safe
[73 80 83 84 86 90] - unsafe
[67 69 67 67 64 63 61] - unsafe
[53 54 51 48 45 44 45] - unsafe
[34 34 35 36 38 40 37 37] - unsafe
[73 75 72 71 68 65 62 62] - unsafe
[39 46 52 53 55 52] - unsafe
[32 32 31 29 26 28 28] - unsafe
[6 9 12 10 7] - unsafe
[26 26 28 32 35 38 40 44] - unsafe
[67 70 67 65 58] - unsafe
[32 33 32 31 30 23 20] - unsafe
[17 16 16 13 9] - unsafe
[81 80 79 77 75 69 66] - unsafe
[22 21 21 22 24 26 29 33] - unsafe
[91 91 93 91 92] - unsafe
[28 28 29 31 32 33 32] - unsafe
[39 39 40 37 34] - unsafe
[9 9 9 8 5 3 1 1] - unsafe
[21 19 18 14 13 12 15] - unsafe
[58 54 51 50 48 48 45 41] - unsafe
[14 12 6 4 3 5] - unsafe
[19 22 22 19 16 17] - unsafe
[87 80 74 72 68] - unsafe
[94 94 90 88 84] - unsafe
[16 10 13 10 8 8] - unsafe
[60 53 50 53 55] - unsafe
[56 53 50 47 46 47 44 42] - safe
[25 28 30 31 33 35 42 39] - unsafe
[33 28 25 23 20 19 15] - unsafe
[44 41 38 36 34 31 30] - safe
[51 49 48 45 42 41 39 37] - safe
[44 43 42 41 38] - safe
[88 85 82 81 78 76 75 74] - safe
[30 27 24 23 22 20 19] - safe
[94 92 90 89 88 85] - safe
[62 65 68 70 71 74] - safe
[48 50 53 54 57] - safe
[49 50 52 54 55 58 61 62] - safe
[51 54 56 57 60 63 66 68] - safe
[29 26 25 23 21] - safe
[17 14 11 8 6 5 2] - safe
[18 19 20 21 23 24] - safe
[67 65 63 62 59 57] - safe
[52 49 48 47 45 44 43] - safe
[55 56 58 61 62 64 66 67] - safe
[60 58 57 54 51 50] - safe
[56 59 60 62 64 66] - safe
[70 72 73 75 76] - safe
[20 21 24 27 28 30] - safe
[52 55 57 60 62 65] - safe
[84 82 79 77 76 74] - safe
[58 59 61 63 66 69 71 74] - safe
[36 35 32 29 26 23 21] - safe
[69 70 72 73 76 78 81] - safe
[53 52 50 47 44 41 38 35] - safe
[62 63 64 65 67 68] - safe
[65 63 61 59 56 54 53 50] - safe
[75 76 77 80 82 85 86] - safe
[68 66 64 61 60 57 56 55] - safe
[14 12 9 8 6 4 3] - safe
[78 76 73 70 67 66 63] - safe
[28 29 30 31 34 35 37] - safe
[32 31 29 27 26 23 22 19] - safe
[66 65 63 60 59 57 54] - safe
[10 11 13 16 17 19 22] - safe
[61 64 65 67 70 73 76 78] - safe
[81 78 77 75 73] - safe
[40 37 34 32 31] - safe
[35 37 39 40 41 43 45 47] - safe
[49 51 52 54 56 59 61 64] - safe
[52 54 55 56 57] - safe
[86 85 84 81 80 79] - safe
[53 50 49 46 43] - safe
[44 42 41 40 37] - safe
[32 35 36 39 41 44 45 48] - safe
[25 27 28 29 30 31] - safe
[90 88 86 85 83] - safe
[42 45 48 50 51 53 54] - safe
[22 20 19 16 13] - safe
[93 90 87 84 82 80 78] - safe
[18 16 15 13 12 10 7 4] - safe
[96 94 92 89 87 85 84 83] - safe
[38 41 44 46 49 52] - safe
[63 62 60 57 55 52 49 46] - safe
[51 52 55 58 61 64 67] - safe
[77 78 79 82 84 87] - safe
[58 61 62 63 65] - safe
[55 58 59 62 65 68 69 70] - safe
[29 28 25 23 22 20 18] - safe
[18 20 22 24 26 29 32] - safe
[77 78 79 81 83 86 87] - safe
[15 14 11 9 6] - safe
[72 71 68 67 66] - safe
[82 84 85 87 88 89 92] - safe
[50 49 48 47 44 42 40 39] - safe
[82 80 78 77 74 71 68] - safe
[60 58 55 54 53] - safe
[71 72 73 76 77 79] - safe
[38 39 41 44 45 47 50 51] - safe
[65 62 61 59 56 53 51] - safe
[56 57 60 62 65] - safe
[34 37 39 42 44 47] - safe
[12 14 16 19 22 25] - safe
[19 17 16 15 14 12 10] - safe
[22 20 19 17 16 15 13 10] - safe
[82 79 78 77 74 71] - safe
[15 13 10 7 6 4] - safe
[56 58 59 61 63 65 66 69] - safe
[86 85 83 81 78 77 74] - safe
[75 74 71 69 67 65] - safe
[33 31 29 28 26 25 24 21] - safe
[58 60 62 63 65 68 71 74] - safe
[43 45 48 50 52] - safe
[15 17 20 23 24 25 26 29] - safe
[73 70 68 67 66 64 62] - safe
[91 88 87 84 82 81] - safe
[51 53 54 56 58] - safe
[9 11 14 17 19 22 23 26] - safe
[55 52 49 47 46] - safe
[9 11 13 15 17 18 20 21] - safe
[89 91 92 94 96 97 98] - safe
[58 59 60 61 64] - safe
[14 13 10 9 8] - safe
[30 33 36 39 41] - safe
[75 78 80 81 84 85 87] - safe
[40 42 43 45 46] - safe
[71 70 68 67 65] - safe
[21 23 25 28 31 33 34 36] - safe
[54 51 50 49 48] - safe
[61 64 67 70 73 74 75 78] - safe
[19 17 16 14 12 9 8 5] - safe
[22 24 27 28 30 32] - safe
[80 83 84 86 88 89 90] - safe
[95 93 90 89 88 85] - safe
[24 26 27 30 33 35 37] - safe
[96 93 90 89 87 85 82 81] - safe
[82 79 76 74 73 71 69 67] - safe
[77 74 71 69 67 65 64 61] - safe
[29 26 23 22 20 19 16 15] - safe
[72 69 66 63 61] - safe
[13 12 10 9 7 6 5] - safe
[15 18 21 22 24] - safe
[30 28 26 23 21 19 18] - safe
[49 46 43 42 39 37 36 33] - safe
[62 64 67 70 73 75 78 79] - safe
[47 46 45 42 41 40] - safe
[44 43 42 41 38 36] - safe
[52 50 49 47 44 41 38 36] - safe
[45 42 40 37 36 34 31] - safe
[16 14 11 8 6 5] - safe
[69 66 65 63 61 59 56] - safe
[29 26 24 21 20 19 18] - safe
[54 52 50 47 46 43 40 38] - safe
[80 83 85 86 88 89 91 92] - safe
[39 40 43 45 48 51 52 55] - safe
[80 79 78 77 76 75 72] - safe
[8 10 11 12 15 16 18 19] - safe
[86 89 90 91 93] - safe
[48 51 52 55 58 59 61 63] - safe
[75 72 70 67 65 62 60 59] - safe
[11 14 17 18 19 20 23 26] - safe
[52 49 47 45 42 41 38 35] - safe
[36 38 39 42 43 45 47 48] - safe
[73 70 67 65 62] - safe
[80 78 75 72 69] - safe
[72 70 67 65 62 61 59] - safe
[59 61 62 64 66] - safe
[8 11 12 14 17] - safe
[45 47 49 50 53 55 58 59] - safe
[51 50 48 47 46 43 42] - safe
[16 18 21 23 24 26] - safe
[21 20 19 16 15 12 11] - safe
[13 16 17 20 23 24 25] - safe
[94 92 91 90 89 86 83 80] - safe
[94 91 90 87 86 83 80] - safe
[17 14 12 11 8 7] - safe
[23 21 18 17 16] - safe
[76 75 74 72 71 70] - safe
[43 41 40 37 36] - safe
[32 34 35 36 39 40 43] - safe
[19 21 22 24 26 28] - safe
[13 14 16 17 19 22 24 26] - safe
[18 15 14 11 9 8] - safe
[63 62 60 58 56 55 52 51] - safe
[71 72 73 75 77 78] - safe
[40 42 43 46 48 50] - safe
[84 83 80 78 75 72 70] - safe
[28 31 32 34 37 39 40 42] - safe
[27 25 24 22 20] - safe
[79 77 75 73 72] - safe
[86 84 83 81 80 79] - safe
[81 83 86 89 92 94 96] - safe
[85 86 88 90 93 96 97] - safe
[81 78 75 72 71] - safe
[14 17 20 23 26 28 30 31] - safe
[66 65 62 59 58 57 54 52] - safe
[54 56 58 61 64 66 67] - safe
[37 35 33 31 30 27 26] - safe
[75 73 70 68 67] - safe
[76 75 73 70 68] - safe
[25 28 29 31 33] - safe
[70 73 75 78 80 83 84] - safe
[42 41 40 38 36 34 33] - safe
[20 21 22 24 26 29 31] - safe
[24 21 19 17 14 11 9] - safe
[77 75 73 70 68 65 63] - safe
[55 54 51 50 48 47] - safe
[78 77 76 75 73 72 69 68] - safe
[29 27 24 21 20 19] - safe
[73 71 70 69 67 64 62] - safe
[91 94 95 96 97] - safe
[11 13 14 16 19 20 23] - safe
[63 64 66 68 70 71 74 76] - safe
[64 63 61 58 57 56 54 53] - safe
[46 49 51 52 54 55] - safe
[20 22 24 25 28 31 32] - safe
[46 49 52 54 56] - safe
[74 77 79 81 82 85 86 89] - safe
[45 47 50 53 54] - safe
[58 57 55 54 51 50] - safe
[91 90 89 86 85 83 82 80] - safe
[49 46 43 42 39 36 35] - safe
[75 72 71 70 69 68 65 64] - safe
[42 41 39 36 33 32 31] - safe
[59 61 63 64 67 69 70 72] - safe
[79 81 83 85 86 87 90] - safe
[35 34 32 31 30] - safe
[76 73 71 68 67 65] - safe
[5 7 8 11 14] - safe
[26 28 29 30 32 33 34] - safe
[80 83 85 86 87 89] - safe
[19 18 16 14 13 10 7 4] - safe
[21 18 16 15 12 11] - safe
[64 67 70 72 75 76 79 80] - safe
[5 6 9 11 13] - safe
[87 85 82 80 77 75 72] - safe
[23 22 19 18 17 16 15] - safe
[51 50 47 44 41 38] - safe
[34 33 31 30 29 27] - safe
[39 36 33 30 27] - safe
[15 13 12 10 9 8] - safe
[27 28 31 33 35 36] - safe
[31 30 29 26 23 20 19] - safe
[47 46 44 41 39] - safe
[60 58 56 54 53 51 49 48] - safe
[50 47 44 42 39 36 33 30] - safe
[70 68 65 64 63 60] - safe
[61 63 66 69 72 75 77 78] - safe
[19 17 16 13 10 7] - safe
[51 50 47 45 44 42 41 40] - safe
[72 73 76 77 80 81] - safe
[69 68 65 64 62 60 58] - safe
[47 44 41 38 35] - safe
[33 30 27 24 22 20] - safe
[54 51 50 48 46 43] - safe
[96 95 94 93 91 88] - safe
[77 76 73 71 69] - safe
[2 3 5 7 9 10 12] - safe
[20 21 23 24 25 26 27] - safe
[28 26 25 23 21 20 18 17] - safe
[52 55 57 59 60 63 64] - safe
[37 35 32 29 26] - safe
[62 61 60 57 55 53 52 50] - safe
[80 82 83 86 87] - safe
[64 66 68 69 71 72] - safe
[22 19 16 14 13 11] - safe
[98 96 93 91 88] - safe
[22 25 27 28 31 32] - safe
[63 61 60 57 56 55 53 50] - safe
[13 10 8 6 4] - safe
[35 37 38 40 41 42 43] - safe
[95 94 93 90 88] - safe
[98 96 93 90 88 87] - safe
[39 40 43 44 45 48] - safe
[21 24 26 27 28 29] - safe
[31 34 36 39 40 41 42 43] - safe
[68 65 64 61 58] - safe
[47 49 52 54 57 60] - safe
[26 28 31 34 36 37 40 43] - safe
[82 84 86 89 91 93] - safe
[78 75 74 72 71 70] - safe
[43 46 49 50 52 53] - safe
[64 66 67 69 71] - safe
[1 4 7 9 10] - safe
[47 49 50 51 53 56] - safe
[54 53 52 49 46 43 42 40] - safe
[59 58 57 56 53] - safe
[29 28 26 23 20 18 15] - safe
[41 42 45 48 49 52 54 55] - safe
[30 32 34 37 40] - safe
[34 37 38 41 43 46 48 50] - safe
[18 20 23 25 26] - safe
[61 63 66 69 72 74 77] - safe
[34 37 40 42 45 48 49 51] - safe
[64 61 60 59 56 53 50] - safe
[71 68 66 63 61 58 55 53] - safe
[25 22 20 19 16 15 14] - safe
[25 22 21 19 18] - safe
[13 15 16 19 22 24 25] - safe
[53 54 56 58 60 62] - safe
[6 7 8 11 14 16] - safe
[61 60 59 58 56 54] - safe
[89 86 85 82 79 76 74 73] - safe
[19 21 23 26 28 30 31] - safe
[90 89 88 86 83] - safe
[68 69 71 72 74 75] - safe
[67 65 63 61 59] - safe
[13 11 9 7 6 5 4 3] - safe
[52 53 54 55 56 59] - safe
[82 80 77 76 74 73] - safe
[11 9 6 3 2] - safe
[59 60 62 64 65 67] - safe
[69 67 66 64 62] - safe
[65 67 68 71 74 75] - safe
[73 74 75 78 80 83 84 87] - safe
[96 93 91 88 85 83 81 80] - safe
[28 25 23 21 19 16] - safe
[61 62 63 66 67 70 73] - safe
[86 87 88 90 91] - safe
[69 66 63 61 59 58 56] - safe
[24 26 27 28 31 34 37] - safe
[15 16 18 20 22 23 24] - safe
[64 66 67 69 71 74 75 76] - safe
[77 76 75 73 70 68 66] - safe
[26 27 29 31 34 36] - safe
[95 94 93 92 90] - safe
[1 4 7 8 10 12 14] - safe
[66 64 62 60 58 56 55 54] - safe
[40 42 44 45 47 50 52 55] - safe
[16 17 18 20 22 24 26 29] - safe
[27 25 24 21 19 16 13] - safe
[99 96 95 93 91 89] - safe
[29 32 35 38 39 40 43] - safe
[96 94 92 91 88 85] - safe
[51 48 47 45 43] - safe
[37 35 34 31 28 27 25 23] - safe
[92 89 87 86 83] - safe
[69 71 74 77 80 83 85] - safe
[17 20 21 22 25 27 28 29] - safe
[15 16 18 19 21 22 23 26] - safe
[50 52 54 56 57 58 59 60] - safe
[63 60 57 54 53 50 47] - safe
[57 59 62 64 66 67 68] - safe
[82 81 79 76 74 73 71 69] - safe
[34 35 37 39 42] - safe
[81 83 86 89 90 92 95 98] - safe
[1 2 5 6 7 10] - safe
[57 55 52 51 50 48] - safe
[2 3 5 7 8 11 12 15] - safe
[14 11 10 8 5 4] - safe
[11 14 16 19 20] - safe
[73 76 78 79 81 84] - safe
[70 71 73 75 78 80 82] - safe
[24 27 28 31 34 37 38] - safe
[47 45 42 40 38 35 33] - safe
[30 29 27 26 23 22] - safe
[13 16 17 18 19 21] - safe
[58 55 52 51 48 46 45 42] - safe
[73 72 69 66 63 62 60 59] - safe
[21 19 16 15 12 11 9 8] - safe
[70 71 74 77 80] - safe
[57 58 59 60 61 62] - safe
[39 36 33 30 29 26 24] - safe
[36 35 33 30 28 25] - safe
[51 48 46 45 43 42] - safe
[69 70 73 74 77 79 80 83] - safe
[33 35 36 38 39 40 43] - safe
[48 47 46 45 44 42] - safe
[14 15 16 19 22 25 28] - safe
[76 79 82 85 88 89 90] - safe
[55 56 58 59 62 64] - safe
[1 4 6 7 9 10 12 15] - safe
[64 61 59 58 57 54] - safe
[30 29 27 25 24 22 20] - safe
[67 65 62 59 56 54] - safe
[70 69 68 65 64 63] - safe
[93 92 89 87 85] - safe
[26 25 22 21 19 16 14 13] - safe
[30 31 34 35 38 40 41 42] - safe
[33 35 37 38 41 44 46] - safe
[91 89 86 85 83 82] - safe
[59 62 65 67 70 73 75] - safe
[62 64 65 68 69 72 73] - safe
[19 22 23 26 28 29 32] - safe
[40 37 34 33 32 29 27] - safe
[34 36 39 41 44 46] - safe
[3 4 7 10 13 15 16 19] - safe
[74 72 69 67 66 65] - safe
[78 76 75 73 72 70 67 65] - safe
[2 5 8 9 11] - safe
[8 11 14 17 19 22 25] - safe
[39 42 44 46 48 51] - safe
[36 35 34 31 30 27 25] - safe
[38 40 43 46 48 49 50] - safe
[64 66 68 71 73 76 78] - safe
[66 69 70 72 73] - safe
[64 61 60 58 55] - safe
[84 81 79 76 74] - safe
[14 17 20 21 23 25 27] - safe
[77 80 81 84 87 88 91 93] - safe
[20 17 14 12 9 6 3] - safe
[81 84 87 89 92 95] - safe
[73 72 71 70 67 64] - safe
[50 48 47 44 43 41 38] - safe
[62 64 66 69 72 74] - safe
[35 34 32 31 28] - safe
[79 78 76 74 73 72 71 70] - safe
[35 32 29 28 27 26] - safe
[63 62 60 58 56 54] - safe
[19 16 13 10 9] - safe
[80 78 75 73 71] - safe
[68 65 62 60 58 57 56] - safe
[36 39 40 43 44] - safe
[46 44 42 39 36 35 34 32] - safe
[29 31 34 37 40 42 43] - safe
[57 55 53 52 49 46] - safe
[87 84 83 82 80] - safe
[13 10 8 6 3] - safe
[92 91 90 88 85 84 83 82] - safe
[36 33 30 29 27 25 23 21] - safe
[39 38 36 34 32 30] - safe
[77 80 81 83 85 86] - safe
[79 81 82 83 85 88 90] - safe
[24 25 28 29 31 33 36 38] - safe
[87 85 83 82 80 79] - safe
[88 90 92 93 94] - safe
[17 19 20 21 22 25 26 29] - safe
[37 34 31 30 27] - safe
[23 21 19 17 16] - safe
[27 25 24 23 22 19 18 17] - safe
[13 12 9 6 4 1] - safe
[81 83 85 88 91 93] - safe
[15 14 12 10 9 7 6] - safe
[44 46 48 51 54 55] - safe
[27 25 23 22 20 18 17 16] - safe
[45 48 49 51 52 53] - safe
[23 25 27 28 30 31] - safe
[60 59 56 54 53] - safe
[70 73 75 76 78 79 80 82] - safe
[32 29 27 26 23] - safe
[7 8 9 11 14] - safe
[80 81 83 86 89 92] - safe
[85 84 82 80 77] - safe
[95 94 92 91 89] - safe
[20 17 14 12 11] - safe
[20 18 16 14 13 10 9] - safe
[26 23 21 19 18 17 15] - safe
[25 27 30 33 36 39] - safe
[58 59 62 65 68 69] - safe
[16 19 22 23 24 25 28 30] - safe
[71 70 68 67 64 62] - safe
[31 28 27 24 22] - safe
[5 8 10 11 12 14 15] - safe
[88 87 85 83 82 79 77] - safe
[52 53 56 57 59] - safe
[45 47 48 50 51 54 56] - safe
[49 51 53 55 56] - safe
[92 90 89 86 85 83 82] - safe
[84 85 88 91 94] - safe
[79 77 75 74 72 70] - safe
[67 66 63 62 61] - safe
[84 87 90 91 93] - safe
[84 83 82 79 78 76] - safe
[78 79 81 82 83 86] - safe
[17 18 19 22 23] - safe
[49 51 52 53 56 59 61] - safe
[29 28 26 23 21] - safe
[73 75 76 79 82 83 85 87] - safe
[52 54 56 58 61] - safe
[83 81 80 77 74 73] - safe
[74 76 79 82 85 88 90 91] - safe
[80 79 78 76 75 73 72 70] - safe
[59 62 65 68 71 73 75] - safe
[27 29 31 34 37 39 41 43] - safe
[12 11 8 6 5 3] - safe
[49 48 45 43 42 39 36 33] - safe
[26 25 22 21 18 17 15 12] - safe
[20 18 17 16 13] - safe
[56 54 53 50 47] - safe
[46 43 41 40 38 36 35 33] - safe
[6 7 9 11 14] - safe
[45 48 50 52 55 57 58] - safe
[35 37 39 42 44 47 50 51] - safe
[93 92 89 88 87 84 81 79] - safe
[15 17 20 22 25 28] - safe
[65 63 60 57 55 53] - safe
[84 81 80 77 76] - safe
[79 82 85 88 89] - safe
[84 85 86 88 91 93 94] - safe
[42 45 46 49 52 53 56] - safe
[16 17 20 23 24] - safe
[59 60 63 65 68 71 72] - safe
[48 49 50 51 54 55 57] - safe
[52 55 57 60 61] - safe
[42 45 48 49 52 55 57] - safe
[18 17 16 14 13] - safe
[20 23 26 28 29 32] - safe
[22 19 17 15 14 12 11] - safe
[72 74 76 78 79 80] - safe
[11 12 13 16 19] - safe
[24 27 29 32 34 37 39 40] - safe
[18 20 22 25 26] - safe
[68 70 71 74 76] - safe
[49 51 52 54 56 59 61] - safe
[29 30 33 34 36 37 39] - safe
[80 81 84 87 89] - safe
[52 55 57 59 62] - safe
[58 56 54 53 50] - safe
[28 29 32 35 36 39 40] - safe
[21 18 15 13 10 7 6 4] - safe
[79 80 82 83 86 89 92 95] - safe
[46 48 50 52 55 56 59] - safe
[41 43 44 45 47 49 50 53] - safe
[18 20 21 22 25 27 29 32] - safe
[22 24 26 27 30] - safe
[82 79 78 75 74] - safe
[86 85 82 81 78 75 73] - safe
[51 49 46 45 42 41] - safe
[85 88 89 90 93 94 95 98] - safe
[52 55 58 61 63] - safe
[60 59 57 54 52 50 47] - safe
[68 69 71 74 75 76 79 80] - safe
[39 42 44 45 47 49 52] - safe
[56 53 51 49 48 45] - safe
[78 81 84 87 90] - safe
[3 4 6 7 8 10] - safe
[25 28 31 33 36 39 40 42] - safe
[59 62 63 65 67] - safe
[93 90 88 86 85 82 80 78] - safe
[35 33 32 30 29 28 26 25] - safe
[28 30 33 36 39 41 42] - safe
[88 85 84 82 81 80 78 75] - safe
[26 25 24 23 20 19] - safe
[81 84 85 88 89 92 93 96] - safe
[31 28 27 24 23 22 20 19] - safe
[96 95 93 90 89] - safe
[69 72 74 77 80] - safe
[97 96 95 92 91 88 87 84] - safe
[86 85 84 82 80 79 77] - safe
[44 42 39 37 36 35 32 31] - safe
[70 68 66 65 62] - safe
[79 80 82 83 85 88] - safe
[28 31 32 33 34] - safe
[15 16 19 21 24] - safe
[73 75 77 78 80 83] - safe
[50 52 53 54 57 60 63] - safe
[81 79 78 75 72 70 68] - safe
[46 49 52 54 55 57] - safe
[57 56 53 50 49] - safe
[41 42 45 46 49 51 54] - safe
[86 83 81 80 79 78] - safe
[50 51 52 55 58 61] - safe
[61 64 66 69 71] - safe
[15 16 17 20 23 26 27] - safe
[56 59 60 61 64 65 68 71] - safe
[72 71 69 66 65 62] - safe
[35 36 39 41 42] - safe
[79 81 84 85 87] - safe
[72 70 69 66 65 64] - safe
[59 60 62 64 65 66 67] - safe
[28 27 26 25 24 23 21] - safe
[34 32 30 29 26 24] - safe
[14 16 19 21 23] - safe
[61 63 66 67 70 73 75] - safe
[62 64 66 69 72] - safe
[52 54 56 57 58] - safe
[67 70 72 75 78 79] - safe
[74 72 70 68 66 64 63 61] - safe
[86 84 81 79 76 75 73 71] - safe
[31 30 28 26 23 22 20] - safe
[78 79 81 82 85 88] - safe
[20 21 22 23 25 26 28 30] - safe
[12 9 7 4 1] - safe
[97 96 95 94 92 90 89 86] - safe
[51 53 55 58 59 60] - safe
[53 52 49 47 46 43] - safe
[44 43 42 39 38] - safe
[67 70 73 75 78 80 83 84] - safe
[68 66 64 61 59 56 53] - safe
[49 46 45 43 41 40 38] - safe
[70 68 67 66 65 63 61] - safe
[40 39 37 34 33 30 28 25] - safe
[16 18 20 22 23 25 28] - safe
[79 78 76 74 73 70 68] - safe
[69 67 64 61 59 57] - safe
[50 52 55 57 58 59 62] - safe
[46 49 51 54 56 58 60 62] - safe
[55 57 60 62 63 66 69] - safe
[99 97 94 93 92] - safe
[26 29 32 33 36 37 39] - safe
[13 15 18 20 22 23 25 27] - safe
[76 77 80 82 85 86] - safe
[32 33 36 39 40 41] - safe
[27 26 24 21 19] - safe
[12 11 10 9 7 6 5 2] - safe
[50 53 54 57 60 62] - safe
[23 25 28 29 31 33 34] - safe
[31 33 35 36 37 39 41 43] - safe
[48 49 51 53 54 55 58] - safe
[70 67 64 62 59 57 55] - safe
[37 38 39 41 42 44] - safe
[71 74 76 78 80 82 84 87] - safe
[61 63 65 67 68 70 72] - safe
[87 84 82 80 79] - safe
[3 5 6 8 11 13 14 17] - safe
[95 93 91 88 87 85 84] - safe
[34 37 39 42 45 46 49] - safe
[61 58 56 55 54] - safe
[17 14 11 8 6] - safe
[50 48 45 42 40 38 35] - safe
[52 51 50 47 44 42] - safe
[21 22 23 26 28 29] - safe
[26 29 31 32 33] - safe
[46 45 43 42 41 39 37 36] - safe
[85 87 89 92 94] - safe
[78 76 75 73 71 70 69 68] - safe
[59 61 63 64 66 69 70 72] - safe
[20 17 15 13 12 11] - safe
[25 27 30 31 32 34 36 37] - safe
[68 71 74 77 79 80] - safe
[73 72 69 67 64 62 60 59] - safe
[22 20 19 18 16] - safe
[49 47 45 43 40 38 36] - safe
[70 71 72 75 76 79 81] - safe
[66 67 69 70 73 75 77] - safe
[94 91 89 87 84 81 79] - safe
[45 46 47 49 52 54] - safe
[31 33 34 35 38 41 43] - safe
[21 19 18 17 14 12 9 8] - safe
[54 57 59 60 61 62 65 66] - safe
[39 42 45 47 48 51 52] - safe
[97 96 93 90 88] - safe
[38 35 34 31 28] - safe
[91 89 86 83 81 79] - safe
[77 80 82 83 86] - safe
[36 35 33 32 31 28 26 23] - safe
[37 40 41 42 44 47 48 50] - safe
[42 43 44 46 48 51 52 54] - safe
[79 81 82 84 85 86 89 91] - safe
[38 40 42 45 46 49 50] - safe
[21 19 16 15 12 11] - safe
[35 33 31 29 28 27] - safe
[42 41 40 37 35] - safe
[85 82 81 78 75 73 72] - safe
[22 25 26 28 31 34] - safe
[77 74 71 69 68 67] - safe
[71 68 67 64 61 58 57] - safe
[68 66 63 61 59] - safe
[31 32 35 36 38 39 41] - safe
[33 30 28 26 23 21] - safe
[18 15 13 11 9 6 5] - safe
[60 63 66 67 68 70 71] - safe
[38 41 43 44 45 47] - safe

Total: 655
